2011
2012
2004
2006
2010
2008
2011
2012
2007
2010
2004
2002
2005
2011
2003
2012
2004
2012
2008
2012
2012
2009
2001
2006
2007
2004
2007
2009
2006
2012
2002
2011
2003
2011
2002
2005
2012
2006
2002
2012
2003
2009
2003
2005
2001
2011
2011
2004
2004
2008
2003
2004
2003
2008
2005
2003
2003
2003
2003
2009
2008
2011
2006
2011
2006
2005
2005
2005
2001
2011
2004
2005
2003
2008
2001
2005
2004
2003
2002
2005
2013
2010
2006
2006
2007
2008
2005
2011
2013
2007
2009
2012
2008
2003
2011
2002
2005
2010
2002
2001
2006
2003
2005
2008
2009
2012
2009
2001
2010
2005
2006
2004
2008
2006
2002
2005
2005
2002
2011
2010
2006
2012
2010
2012
2009
2008
2005
2005
2002
2002
2009
2012
2007
2001
2012
2010
2005
2011
2007
2007
2011
2010
2011
2009
2012
2002
2013
2004
2010
2006
2010
2001
2012
2011
2005
2001
2002
2010
2007
2003
2007
2006
2009
2007
2009
2010
2007
2006
2006
2009
2010
2003
2004
2008
2009
2008
2013
2009
2001
2002
2007
2006
2008
2003
2010
2007
2010
2009
2004
2012
2005
2007
2012
2005
2004
2003
2009
2012
2005
2009
